豆角 3
尖豆角 48 2 3 14 3 唐山
圆豆角 55 1 2 14 2 孝义
豇豆角 0 2 3.5 14 3 榆树
地瓜 3
红心红薯 0 2.5 3.5 60 3 讷河
白心红薯 3 2 3 60 3 双鸭山
紫心红薯 0 4 5.5 60 3 绥化
番茄 3
牛排番茄 37 6 8 14 2 广州
樱桃番茄 0 4.5 6 14 2 石家庄
李形番茄 0 5 6.5 14 2 秦皇岛
冬瓜 2
青壳冬瓜 0 2 4 30 3 沈阳
白壳冬瓜 51 3 4.5 30 3 公主岭
芹菜 3
本芹 0 4 5.5 7 2 白山
西芹 0 5 7 7 2 哈尔滨
水芹 0 4.5 6.5 7 2 大庆
草莓 4
明晶草莓 0 15 18 3 1 连云港
淡雪草莓 0 17 20 3 1 泰州
红颜草莓 0 15.5 19 3 1 漳州
牛奶草莓 0 20 24 3 1 丹东
苹果 4
红富士 0 2 4 7 3 青岛
青苹果 0 2 3.5 7 3 郑州
国光 0 1 2.5 7 3 葫芦岛
阿克苏 0 5 7.5 7 3 乌鲁木齐
香蕉 3
芝麻蕉 55 2 3.5 7 3 南阳
红蕉 0 3 5 7 3 黄冈
帝王蕉 0 6 8.5 7 3 随州
柚子 4
沙田柚 76 7 9 14 3 荆州
葡萄柚 0 6 8 14 3 常德
金香柚 0 7 8.5 14 3 惠州
坪山柚 0 6.5 8 14 3 重庆
榴莲 3
长柄榴莲 69 23 27 14 2 达州
金枕榴莲 75 28 32 14 3 铜仁
差尼榴莲 83 27 31.5 14 3 西安

青沃生鲜 18842997233
荣鼎生鲜 13634449808
蜜蜂生鲜 13089387588
田良记 15209910678
富富果蔬 15122840486
农有食 13934360867
四季鲜生 15590583339
棠鲜生 18846362186
诚易果蔬 13091782966
沁慕生鲜 18071274385

可乐 100 2
薯片 50 3
钢笔 15 8
毛巾 25 15
耳机 15 20
《三体》 10 23
手镯 5 25
T恤 50 28
水杯 10 30
手表 10 40

苹果 阿克苏 85 田良记 4 8 8 19
香蕉 帝王蕉 75 四季鲜生 4 8 8 35
豆角 尖豆角 50 农有食 4 8 9 0
番茄 牛排番茄 80 诚易果蔬 4 9 17 23
冬瓜 白壳冬瓜 60 四季鲜生 4 9 18 52
芹菜 西芹 90 四季鲜生 4 10 8 47
草莓 明晶草莓 100 青沃生鲜 4 10 9 51
苹果 青苹果 90 富富果蔬 4 10 12 48
香蕉 帝王蕉 100 蜜蜂生鲜 4 11 7 5
柚子 沙田柚 85 棠鲜生 4 11 10 20
榴莲 差尼榴莲 90 富富果蔬 4 11 15 45
榴莲 长柄榴莲 120 富富果蔬 4 12 9 10
苹果 红富士 100 荣鼎生鲜 4 13 10 5
香蕉 芝麻蕉 60 沁慕生鲜 4 14 10 2
草莓 牛奶草莓 100 青沃生鲜 4 15 11 15
草莓 红颜草莓 100 四季鲜生 4 16 7 20
地瓜 白心红薯 50 农有食 4 17 9 50
豆角 圆豆角 110 诚易果蔬 4 18 7 20
榴莲 金枕榴莲 80 四季鲜生 4 19 7 45
#
苹果 阿克苏 2 4 8 8 20 0 000001
香蕉 帝王蕉 5 4 8 9 24 0 000002
豆角 尖豆角 2 4 8 9 25 0 000002
地瓜 白心红薯 10 4 9 16 30 0 000003
番茄 牛排番茄 40 4 9 17 46 1 000004
冬瓜 白壳冬瓜 5 4 10 8 48 0 000005
芹菜 西芹 6 4 10 8 48 0 000005
草莓 明晶草莓 80 4 11 9 51 1 000006
苹果 青苹果 3 4 12 12 48 0 000007
香蕉 帝王蕉 1 4 12 7 5 0 000007
柚子 沙田柚 4 4 12 10 20 0 000007
榴莲 差尼榴莲 5 4 13 15 45 0 000008
榴莲 长柄榴莲 50 4 14 9 20 1 000009
苹果 红富士 4 4 16 10 5 0 000010
香蕉 芝麻蕉 5 4 16 10 5 0 000010
草莓 牛奶草莓 5 4 16 10 6 0 000010
草莓 红颜草莓 3 4 16 10 6 0 000010
地瓜 白心红薯 35 4 17 13 20 1 000011
豆角 圆豆角 55 4 18 10 20 1 000011
榴莲 金枕榴莲 5 4 19 7 48 0 000012
地瓜 白心红薯 2 4 19 7 48 0 000012
番茄 牛排番茄 3 4 19 8 0 0 000013
冬瓜 白壳冬瓜 4 4 19 8 50 0 000014
芹菜 西芹 1 4 19 12 3 0 000015
草莓 明晶草莓 5 4 19 12 3 0 000015
苹果 青苹果 2 4 19 12 3 0 000015
香蕉 帝王蕉 7 4 19 13 55 0 000016
柚子 沙田柚 5 4 19 17 51 0 000017
榴莲 差尼榴莲 2 4 19 18 13 0 000018
榴莲 长柄榴莲 1 4 19 19 13 0 000019
#
薯片 000002
可乐 000003
手镯 000004
薯片 000005
手表 000006
薯片 000007
钢笔 000008
手表 000009
钢笔 000010
手表 000011
#
000001 张晗 18526465136 0 500 2 4 14 8 30
000001
000015
#
000002 任婷婷 18625861661 0 500 2 4 14 8 45
000002
000016
#
000003 李琳烁 15943157668 0 500 2 4 15 9 0
000003
000017
#
000004 杨静 17645235186 0 500 2 4 15 9 15
000005
000018
#
000005 王嘉骏 18935915770 1 300 1 4 16 9 30
000007
000019
#
000006 黄一桐 18842997233 1 300 1 4 16 9 45
000008
#
000007 靳之泰 18710569587 1 450 2 4 16 10 0
000010
#
000008 陈思颖 18127973260 0 600 3 4 17 10 15
000012
#
000009 李家阳 18759630391 1 450 2 4 17 10 30
000013
#
000010 米珈毅 15246628113 1 450 2 4 17 10 45
000014
#
000011 董桠辉 15043925179 1 50 1 4 18 11 0
#
#
